31 30 37 31 33 26
19 19 24 21 23 18
26 26 31 29 30 25
14 14 14 14 14 14
12 12 13 12 14 13
24 23 27 24 25 22
21 21 25 24 27 21
23 22 24 22 26 23
32 31 35 32 35 31
16 16 19 17 23 17
26 26 32 29 30 24
28 27 29 27 34 29
24 23 27 23 22 20
28 28 34 30 32 26
24 23 27 23 29 23
28 27 33 28 28 22
22 22 26 23 22 20
23 23 28 26 27 22
21 20 25 21 21 17
26 26 28 27 29 26
24 24 28 26 27 22
32 31 37 32 32 27
21 21 26 23 22 18
11 10 13 11 11 9
16 16 17 17 18 17
12 12 14 13 19 13
20 20 24 23 28 21
32 31 36 32 34 29
19 19 23 20 20 16
20 19 21 18 22 18
25 25 28 24 23 21
24 23 27 23 23 20
24 24 27 24 23 22
23 22 26 22 24 20
24 24 27 24 26 22
24 24 29 28 30 24
22 21 26 23 24 19
22 22 24 22 28 22
23 23 27 24 23 20
15 15 17 16 22 17
25 25 30 28 28 24
25 24 29 26 24 21
23 22 27 25 27 21
23 22 26 23 26 22
14 14 17 16 19 14
18 18 21 19 17 17
26 25 26 24 25 24
32 32 38 34 36 29
12 12 13 12 14 13
17 17 21 19 19 15
16 15 19 17 20 14
20 20 24 21 19 17
29 29 34 31 34 28
19 19 19 18 19 19
27 26 30 27 33 27
17 17 20 20 25 19
19 19 21 20 23 19
20 20 25 22 20 18
16 15 17 16 21 17
24 24 29 25 23 20
14 14 16 15 18 14
25 24 26 24 28 24
24 23 25 23 23 21
9 9 11 11 14 10
22 21 23 20 25 21
25 25 32 28 30 23
22 21 24 22 28 22
31 31 37 34 36 29
19 18 20 17 21 18
27 26 30 27 28 24
24 23 27 23 23 20
18 18 23 20 18 14
17 17 18 16 16 16
16 16 20 17 18 14
17 16 18 16 21 16
16 16 18 16 21 16
17 17 19 17 16 15
21 20 23 20 27 21
20 19 22 20 25 20
18 18 19 18 17 17
25 24 29 25 22 20
24 24 30 27 29 22
19 18 18 17 18 19
9 9 10 9 12 9
16 16 18 15 16 14
23 22 24 21 21 21
21 20 23 19 22 18
29 28 33 30 34 28
10 9 11 10 10 8
28 27 31 28 24 24
19 18 21 18 22 18
25 25 28 25 25 24
23 23 29 27 30 23
26 25 31 28 30 24
27 26 30 26 26 24
16 16 18 16 19 16
27 27 30 28 33 28
23 23 29 25 23 19
28 27 31 28 29 26
23 23 28 26 23 21
25 24 26 24 28 24
17 17 19 19 21 18
19 19 19 19 20 20
22 22 27 23 21 18
7 7 7 7 8 8
29 29 33 30 30 26
21 21 27 23 22 17
26 25 31 26 30 23
16 16 18 18 20 17
24 24 27 25 26 23
15 15 17 16 14 13
22 22 27 23 23 19
30 29 34 29 30 25
15 14 16 13 12 12
23 23 28 25 26 21
19 19 23 20 16 14
25 24 31 26 25 20
20 20 21 20 22 21
27 27 29 27 31 27
16 16 19 17 21 16
24 24 29 25 22 20
10 10 11 10 10 10
36 35 42 37 39 33
18 18 20 19 22 18
20 20 24 22 26 20
23 23 24 22 25 23
32 31 37 31 31 26
25 24 27 24 26 23
13 13 15 15 16 14
9 9 11 9 8 7
13 13 14 12 14 12
31 31 37 33 34 28
25 25 29 27 30 25
19 19 21 19 19 18
19 19 20 18 17 17
11 11 12 11 13 11
27 26 30 26 26 23
18 18 20 19 17 17
29 28 29 27 33 29
30 29 35 30 33 25
22 22 26 22 20 18
20 20 23 20 26 19
28 27 30 27 26 25
22 22 26 24 29 22
18 18 24 21 22 16
25 24 25 24 29 26
18 17 18 18 20 18
26 26 32 30 32 25
22 21 24 21 20 19
24 23 25 23 29 24
25 24 27 23 21 21
20 19 22 20 21 18
28 27 31 28 28 25
22 22 26 23 22 19
21 20 26 22 21 17
33 32 38 34 34 29
28 28 33 31 33 28
22 21 21 19 21 21
26 25 29 25 22 21
22 21 24 22 22 20
14 13 14 13 15 13
20 20 24 22 21 20
18 17 20 17 17 15
18 18 20 19 20 18
18 18 20 19 22 19
26 26 32 28 28 22
22 21 24 22 26 21
20 20 26 23 23 18
19 19 22 20 25 19
21 20 22 20 23 21
30 29 34 31 35 28
13 13 15 15 21 16
30 30 33 30 30 28
29 28 31 29 32 28
29 28 33 30 30 27
22 21 22 20 19 19
32 31 36 32 34 30
24 24 26 23 23 22
24 23 26 24 23 22
20 19 21 18 18 17
20 19 22 19 17 16
12 12 13 13 17 14
19 19 24 21 22 16
31 30 37 32 33 27
24 24 29 24 24 20
15 15 16 16 15 14
15 15 19 17 17 14
26 26 28 26 32 27
15 15 18 16 21 15
22 22 28 25 24 19
25 25 31 28 29 24
27 26 32 27 26 22
23 23 27 26 28 24
33 32 39 35 37 30
37 37 42 38 41 35
24 25 29 28 28 24
27 27 31 27 26 23
30 30 35 33 36 30
28 27 33 28 27 23
20 19 24 22 25 19
8 9 9 9 10 9
27 27 30 28 27 25
28 27 32 30 34 27
16 16 18 18 21 18
15 15 16 16 17 16
26 26 30 26 26 23
25 25 27 25 24 23
15 15 17 16 21 16
24 23 26 22 22 20
29 28 32 28 27 24
11 11 12 12 14 11
21 20 24 21 26 20
25 25 31 27 28 22
20 19 22 18 19 18
7 7 8 8 11 8
31 30 36 32 35 28
25 24 28 25 28 23
22 21 24 21 26 20
29 29 34 32 35 28
23 22 26 23 26 21
25 25 32 28 29 22
18 18 19 17 21 19
15 15 16 15 15 15
18 17 20 17 16 15
25 25 30 27 26 23
16 15 16 13 15 14
38 37 43 39 40 34
17 17 18 16 15 15
25 25 30 26 27 22
23 22 26 24 28 22
25 24 28 24 22 21
26 25 28 25 24 23
19 18 21 19 24 19
23 23 26 24 22 21
21 20 24 22 25 20
20 20 22 20 19 19
12 12 13 13 14 13
25 25 27 26 30 25
27 26 32 27 28 23
26 25 29 25 25 23
22 21 24 20 21 18
28 28 34 30 30 25
29 28 33 29 33 26
17 17 21 18 15 14
13 12 17 14 13 10
28 28 32 30 28 25
26 25 30 27 26 22
13 13 14 14 16 14
11 10 11 10 10 9
25 25 30 27 26 23
18 18 19 19 24 20
21 20 21 20 23 21
19 19 24 21 20 16
14 14 14 14 16 15
16 15 18 16 17 15
27 26 33 30 32 24
24 24 28 25 24 22
13 13 16 15 21 15
26 25 30 25 26 21
22 22 27 23 24 19
27 26 31 27 27 24
27 27 29 26 24 24
17 16 21 19 22 16
21 20 22 20 24 21
29 28 34 29 29 24
26 25 30 27 28 23
28 27 31 29 33 27
14 14 16 15 20 15
31 30 36 33 33 28
27 26 28 25 29 26
18 18 20 20 26 21
14 14 16 15 21 16
15 15 20 18 21 14
15 15 19 16 17 13
20 20 22 21 28 22
33 32 37 32 29 28
31 30 35 31 34 29
15 15 16 16 21 18
34 33 38 34 37 31
20 19 22 19 19 17
19 19 22 19 24 18
19 18 20 19 22 18
15 15 20 17 20 14
26 25 31 26 25 21
15 15 18 16 20 14
21 21 25 23 20 18
25 25 29 27 29 24
15 15 16 14 16 14
20 20 23 21 26 20
18 18 25 21 21 15
32 32 37 34 33 29
9 9 10 9 9 8
18 17 21 18 18 16
14 14 16 16 20 16
10 10 12 11 12 10
16 16 17 17 20 16
13 13 15 14 15 13
14 13 13 12 13 13
24 24 30 27 28 23
24 24 30 26 26 20
28 28 33 29 30 25
9 9 10 10 13 11
15 15 17 15 20 16
23 23 26 23 23 22
21 20 23 22 25 21
27 26 31 28 31 25
29 29 34 31 30 27
25 24 27 24 27 23
31 30 37 31 34 26
27 26 33 30 32 24
25 25 28 26 27 24
20 19 21 18 21 17
23 22 27 23 25 20
17 17 19 18 22 17
25 25 30 29 32 25
23 23 27 24 22 21
19 19 22 20 19 17
29 28 32 28 25 25
18 17 20 17 22 17
22 22 25 24 27 22
32 31 38 35 37 30
27 26 30 28 32 27
19 18 21 18 17 15
25 24 28 23 22 20
28 28 32 29 27 24
20 19 21 18 19 17
27 26 31 27 23 22
21 20 24 21 27 20
23 22 27 24 25 20
20 20 23 22 24 20
26 26 30 28 30 26
25 24 25 24 29 26
27 26 30 26 28 24
28 28 33 32 34 28
27 26 32 26 24 21
23 23 24 22 26 23
32 31 39 33 35 28
23 22 27 23 20 18
25 24 30 26 25 21
19 19 22 20 25 19
23 23 25 23 26 23
16 15 17 15 19 15
22 22 21 20 21 22
25 24 29 26 25 22
16 15 17 15 16 15
25 25 30 27 29 23
22 22 27 23 22 18
24 24 29 26 28 23
25 24 26 24 28 25
18 17 20 18 22 17
18 17 19 17 23 17
36 36 41 37 37 33
21 21 24 20 21 18
37 36 42 38 40 34
21 20 23 20 26 21
21 21 25 23 22 20
15 15 19 17 18 14
33 32 36 32 33 29
25 25 30 28 28 23
32 31 38 34 36 29
13 13 14 14 17 15
34 33 37 34 35 31
26 26 31 27 29 24
21 21 23 22 26 22
15 15 14 14 16 16
22 22 29 25 25 19
20 20 24 22 21 18
30 30 36 34 36 29
21 21 24 23 24 21
26 26 29 25 25 23
17 16 18 16 18 15
24 24 28 26 25 22
20 20 25 22 20 17
29 28 33 29 32 27
17 17 21 18 21 16
8 8 8 7 8 8
32 31 36 32 30 28
15 15 15 14 15 15
14 14 14 13 14 14
9 8 9 8 8 8
15 14 16 15 18 14
22 22 25 23 25 21
19 18 21 18 17 15
15 15 16 16 17 15
27 26 30 27 32 26
15 15 17 17 22 17
35 34 39 35 36 32
23 23 24 23 23 22
19 18 20 17 21 18
20 20 24 21 21 18
10 10 12 10 11 9
17 17 18 18 20 19
31 30 36 32 35 28
25 25 28 27 30 25
34 33 40 36 38 31
25 24 30 25 24 20
21 21 25 22 21 19
7 7 7 7 8 7
15 14 17 16 15 13
17 16 19 17 16 14
17 16 18 16 17 14
30 30 35 32 32 27
16 16 17 16 21 17
17 17 21 20 24 17
24 23 26 24 29 24
19 18 20 18 17 16
11 10 11 9 11 10
22 22 26 24 22 20
22 22 25 23 28 22
15 15 17 16 20 15
27 26 32 29 30 25
24 23 26 24 30 24
25 25 30 28 27 23
31 30 36 31 33 26
21 21 26 24 25 21
23 23 27 25 22 20
23 23 27 24 26 22
22 21 26 22 19 17
19 19 22 20 21 18
23 22 25 22 26 22
26 26 29 26 28 24
28 27 31 27 31 26
28 28 34 30 32 25
20 20 24 21 18 17
28 28 31 28 25 25
12 12 13 12 13 12
21 21 25 22 22 19
25 24 27 24 24 23
23 23 25 24 28 24
17 17 20 19 24 18
22 22 25 23 21 21
30 29 35 31 34 27
24 23 26 22 23 21
26 25 28 25 23 23
18 18 22 19 18 15
23 23 26 23 21 20
21 21 27 24 25 19
25 24 28 24 25 22
19 20 22 21 22 19
31 30 34 31 29 27
21 20 22 20 25 21
11 10 12 11 13 11
22 22 25 23 22 20
23 22 23 21 24 21
28 27 32 28 31 25
11 11 13 13 18 13
21 21 25 23 28 22
25 25 26 24 28 25
16 16 20 18 21 15
10 10 11 11 13 11
15 15 17 17 18 15
25 25 27 24 26 24
25 24 28 24 27 22
23 22 26 23 29 22
20 19 20 17 20 18
26 26 32 29 29 23
14 14 16 15 18 15
16 16 17 16 17 16
24 23 29 26 27 21
11 11 13 12 12 11
37 36 43 38 40 34
13 13 16 14 13 11
17 17 22 19 23 16
26 25 28 25 30 24
11 11 14 14 19 12
15 15 19 18 19 14
22 22 29 25 28 20
25 25 30 26 25 22
14 13 13 12 13 14
18 18 18 17 19 18
26 25 31 28 29 24
25 24 26 24 27 24
14 14 14 13 16 15
15 14 18 16 17 13
33 32 37 33 37 31
25 25 28 27 32 26
23 22 24 23 25 23
22 21 23 20 24 20
17 16 19 17 15 14
16 15 16 15 19 16
16 15 17 15 18 15
30 30 35 31 34 28
26 25 29 25 30 24
21 20 20 18 20 19
19 19 20 17 19 18
28 27 31 27 28 25
22 22 27 24 23 19
19 19 20 19 19 19
23 23 26 25 24 22
30 30 32 29 29 28
21 21 25 23 25 21
12 12 14 12 13 11
31 30 35 31 35 29
25 25 29 27 25 23
32 31 36 32 33 28
21 21 24 23 23 20
12 12 14 13 14 12
18 17 21 19 23 17
14 14 14 13 16 15
26 26 31 28 32 25
