21 23 20 19 25 22
18 20 19 18 22 19
26 28 27 25 30 27
24 21 23 19 22 23
22 24 20 21 27 25
21 18 18 14 19 19
19 23 21 19 24 19
30 28 30 23 29 26
22 23 24 20 24 21
17 19 15 15 21 19
31 29 32 25 30 27
18 22 19 20 25 21
16 16 18 16 17 15
21 23 19 17 25 21
26 24 26 22 25 24
17 15 17 16 16 17
20 19 20 18 20 20
18 22 19 20 24 21
27 29 26 24 32 28
20 19 19 15 21 18
20 23 23 21 25 20
20 21 17 16 23 21
28 29 27 22 32 27
25 23 25 20 24 23
19 19 22 19 19 18
12 15 12 12 16 13
25 28 24 21 31 26
20 21 20 17 22 19
14 15 15 13 17 14
29 25 26 22 27 28
27 28 23 22 31 28
29 31 29 26 34 29
29 27 30 23 28 25
33 31 33 27 33 30
17 19 16 15 21 17
31 32 28 25 36 31
22 22 21 16 24 20
10 9 10 10 10 10
10 12 8 9 13 11
20 22 22 20 24 21
12 13 11 11 15 13
23 24 24 19 26 21
14 18 12 15 21 18
26 28 25 22 30 26
20 20 15 15 23 22
19 18 19 16 18 18
26 27 22 22 31 28
14 15 13 13 17 16
26 22 24 20 23 24
28 29 26 23 32 28
20 22 18 18 24 22
21 24 19 19 26 23
22 24 22 23 26 25
13 14 13 12 16 14
19 17 15 11 18 18
22 21 20 16 22 21
23 24 20 20 26 26
25 27 25 23 30 26
31 32 31 28 34 31
18 19 15 16 21 20
20 21 17 15 23 21
20 22 21 18 24 19
17 19 18 16 20 18
18 21 17 17 23 21
28 29 27 22 31 27
22 20 24 20 20 20
20 23 23 20 24 20
21 24 18 19 28 25
24 27 25 25 29 25
21 20 21 20 21 21
24 20 21 17 21 22
11 11 11 8 12 10
18 19 17 19 21 20
24 21 22 16 23 21
22 22 20 21 24 24
33 34 31 29 38 35
24 24 21 18 26 23
10 12 10 10 13 11
21 25 21 22 28 23
12 10 12 12 10 12
11 13 10 12 15 14
19 19 18 19 20 20
30 32 29 25 35 30
20 19 20 15 21 18
37 36 36 32 39 36
24 26 23 23 28 26
25 24 24 22 25 25
24 23 22 19 24 23
28 27 29 23 28 25
14 15 15 14 17 15
25 26 21 22 29 28
28 26 26 23 27 28
10 11 10 11 13 12
24 26 22 24 28 28
13 14 15 13 15 13
24 25 21 21 27 26
24 27 23 21 30 25
31 31 30 26 33 30
20 24 20 21 26 23
29 31 27 24 34 29
31 32 27 27 36 34
31 32 29 26 35 31
23 23 23 21 25 22
25 28 25 24 31 26
21 22 22 19 24 21
14 14 13 12 15 14
36 35 35 30 38 34
15 14 16 14 15 14
18 20 19 18 21 19
28 29 24 23 33 30
25 25 23 22 27 26
29 27 28 23 29 28
26 24 22 20 26 26
18 16 16 15 17 18
23 26 24 21 28 23
12 12 14 12 13 12
31 30 30 24 32 29
21 22 20 17 24 20
29 27 30 23 29 26
18 19 18 15 21 17
27 28 27 23 31 26
19 21 16 17 24 22
24 25 24 22 27 25
21 25 22 21 28 22
14 13 12 10 14 14
25 25 23 23 28 28
23 24 26 24 25 23
23 21 21 16 23 21
23 19 21 18 20 22
23 21 20 18 22 23
18 21 17 17 24 20
27 28 28 25 29 26
13 14 14 13 15 14
25 26 25 24 28 26
18 18 22 18 18 16
20 20 20 16 22 18
27 27 23 22 29 28
21 23 17 18 27 25
24 22 24 22 23 23
20 23 23 21 24 20
25 25 21 21 28 27
10 10 10 10 11 11
15 17 13 15 19 18
25 26 28 25 27 24
31 31 32 26 33 29
30 32 29 25 34 29
16 15 13 11 17 16
31 34 33 31 36 32
13 11 11 9 12 13
15 18 15 17 20 19
20 22 19 18 24 20
21 20 24 20 20 18
28 26 29 23 27 26
25 24 26 22 24 24
19 18 18 16 20 18
21 22 22 19 23 20
32 34 34 32 37 33
25 29 25 22 32 26
10 11 9 9 12 11
26 29 27 25 31 26
20 17 19 16 18 18
20 22 21 19 23 20
15 15 12 12 17 16
32 32 29 26 34 32
16 14 15 13 15 16
22 21 21 17 22 21
31 31 29 28 34 32
23 24 25 23 25 23
27 26 25 21 28 25
22 24 21 21 27 24
25 23 26 20 24 21
26 30 26 26 33 27
13 13 13 13 14 14
27 27 28 24 29 26
25 24 23 19 26 24
9 9 8 8 10 10
26 29 25 22 32 27
25 25 25 19 27 23
20 23 19 21 26 24
22 24 24 20 25 21
29 32 32 30 34 30
27 27 27 21 29 26
8 10 8 8 11 10
29 28 30 24 29 26
24 24 23 20 26 24
19 22 19 19 24 21
9 9 7 7 10 10
30 33 29 27 36 31
14 13 12 11 14 14
10 10 11 9 10 9
31 33 31 29 36 32
24 26 20 21 29 27
32 30 31 26 32 30
32 35 31 28 38 33
13 15 13 12 16 14
29 27 26 24 30 29
23 24 23 22 26 24
21 22 23 22 23 21
16 17 18 14 18 14
28 25 26 23 27 27
