24 26 24 23 23 24
12 20 13 17 15 14
20 26 19 20 19 19
26 31 30 29 26 25
21 27 20 20 20 20
16 23 17 18 16 14
28 40 32 34 30 27
28 32 29 27 26 26
20 21 23 20 19 19
13 20 14 17 15 15
25 28 24 23 23 24
19 22 21 20 19 19
8 12 9 10 9 9
16 23 18 20 18 17
26 33 27 28 26 26
27 39 26 31 29 29
26 30 29 27 25 24
12 14 13 12 11 11
12 16 12 13 12 13
30 37 31 31 29 29
22 26 22 22 21 21
22 35 25 29 25 23
26 36 30 32 28 25
22 30 24 27 25 25
16 24 19 20 17 15
19 25 19 21 20 21
24 32 26 28 26 25
22 32 25 28 24 22
20 29 20 23 21 20
11 14 10 11 11 12
28 36 30 32 30 30
24 29 28 27 24 22
30 41 31 34 31 30
23 25 24 21 21 22
25 35 24 28 26 26
24 30 29 29 26 25
25 32 25 26 25 25
5 5 5 5 4 5
19 21 17 18 18 20
23 31 25 27 24 23
12 15 14 13 12 10
24 29 24 23 23 23
18 22 16 17 17 19
30 39 34 35 32 31
17 22 18 19 18 19
11 11 14 12 10 10
27 40 27 32 30 29
11 15 13 13 11 10
16 21 16 16 15 13
27 38 25 29 27 27
