26 29 30 33 23 24
12 14 12 14 12 12
26 29 28 31 26 26
30 37 29 39 24 27
29 30 30 33 27 27
20 20 22 22 21 19
17 22 16 21 18 18
32 39 32 42 25 28
35 42 38 45 32 33
23 30 24 31 21 22
15 19 15 21 11 13
34 40 37 44 30 31
28 31 31 35 25 26
30 37 33 41 27 28
29 35 31 38 28 28
29 32 31 35 28 28
21 28 19 27 20 21
31 38 30 40 25 28
26 31 26 31 25 25
18 25 20 27 14 17
19 25 19 26 14 17
23 28 25 31 19 21
21 23 25 27 20 20
20 22 22 25 16 18
24 27 25 30 20 21
29 30 32 35 26 26
17 23 16 21 17 18
14 17 13 18 11 13
13 16 13 17 10 12
21 26 20 25 19 20
30 30 33 34 30 29
34 38 37 42 33 33
33 35 36 39 31 31
23 29 25 32 18 21
29 37 27 37 24 26
25 27 24 27 25 24
27 31 26 32 24 25
24 25 24 26 23 23
20 22 22 25 18 19
36 41 38 45 32 33
36 42 38 45 33 34
16 16 14 15 16 15
31 37 34 40 30 30
26 32 27 34 24 25
19 23 17 23 14 16
23 30 25 31 22 23
12 13 10 13 11 11
28 32 27 32 27 27
28 35 31 39 24 26
31 37 29 37 28 29
25 32 22 31 21 23
28 32 31 37 23 25
22 26 25 30 19 20
20 20 23 23 20 19
24 26 23 28 20 21
21 26 25 31 17 19
16 16 17 18 15 15
32 40 31 40 29 31
28 33 31 37 24 26
22 25 24 27 23 22
17 23 15 23 12 15
21 28 21 29 18 20
31 37 30 38 28 29
32 38 34 40 30 31
19 27 19 29 14 17
30 38 32 40 29 30
26 27 29 30 24 24
23 22 25 26 20 20
9 12 9 11 9 9
20 24 23 28 16 18
29 36 28 36 26 27
38 44 40 48 33 35
21 23 19 23 19 19
21 21 23 23 23 21
26 34 24 33 24 25
30 37 29 39 22 26
24 28 23 29 20 22
19 20 21 23 19 18
16 17 22 21 17 16
18 19 19 19 20 19
9 10 9 10 8 8
34 41 38 44 32 33
19 22 22 23 21 20
34 41 34 42 31 32
36 43 38 47 30 32
15 17 14 17 14 14
24 26 24 27 21 22
30 35 29 36 28 29
21 27 24 31 17 19
24 29 25 31 22 23
20 20 20 20 21 19
26 30 29 33 26 26
12 15 13 16 11 12
18 23 15 22 13 16
28 36 32 40 24 26
22 23 25 26 21 21
6 6 6 7 5 5
23 26 27 28 25 23
24 26 23 26 24 23
32 38 36 42 30 31
