21 20 21 18 18 20
22 22 22 19 19 20
32 32 39 31 32 27
19 19 28 23 25 19
29 28 32 24 25 24
23 23 22 21 21 24
20 19 17 15 15 20
27 26 27 23 23 24
23 23 26 24 25 25
22 22 25 23 24 23
7 7 8 7 7 7
13 13 21 17 19 11
16 15 17 15 16 16
22 21 23 17 17 18
19 19 24 20 22 18
35 34 36 31 32 33
27 26 30 26 26 25
38 37 44 34 36 34
22 21 20 16 15 19
18 18 26 21 23 18
24 24 28 26 27 25
11 11 17 14 15 10
18 18 17 15 15 18
29 29 36 30 31 26
22 21 27 21 22 18
26 25 26 22 22 24
24 24 28 24 25 23
33 32 41 33 35 29
25 24 28 21 21 19
24 23 25 21 21 21
11 11 10 8 8 9
13 13 19 16 17 12
19 19 20 16 16 16
17 17 17 17 17 19
30 29 36 27 29 24
23 22 21 19 19 23
17 16 19 17 17 15
14 14 18 14 15 12
28 27 32 24 25 23
18 18 19 18 19 19
19 18 22 16 17 15
19 19 24 19 21 18
35 34 42 34 36 31
29 28 29 25 25 28
43 42 50 40 42 38
22 22 25 22 23 22
32 31 34 28 29 29
31 31 32 26 26 29
37 36 43 34 36 33
13 13 13 11 12 14
25 25 33 27 29 22
27 26 31 26 27 25
14 14 12 11 11 16
16 15 14 15 14 17
15 15 21 16 18 12
10 10 9 7 7 9
31 30 32 26 26 27
29 28 33 26 26 23
17 16 15 11 10 14
32 32 41 33 35 28
22 22 29 23 24 19
24 24 30 24 25 22
26 25 25 21 20 23
35 35 42 33 35 32
35 34 36 31 31 32
20 20 24 20 21 19
21 21 24 21 22 21
10 10 16 13 14 9
25 24 22 19 19 24
29 29 37 32 35 28
27 27 36 30 33 25
28 27 31 26 27 26
13 13 16 13 13 12
32 31 40 32 34 28
21 21 24 21 22 20
22 21 21 17 16 18
28 27 32 24 25 22
24 24 27 22 22 21
35 34 36 31 31 33
31 30 31 27 27 29
14 13 14 13 12 12
25 25 28 25 26 25
10 10 10 9 9 10
21 21 28 24 26 20
15 15 19 15 16 13
29 28 37 30 32 26
33 32 37 29 30 28
22 21 29 22 24 18
24 24 26 22 22 23
16 16 20 16 17 14
21 20 22 17 17 17
27 27 29 25 25 26
16 16 22 18 20 15
25 25 31 27 29 25
23 22 27 19 19 17
14 13 12 12 12 14
20 20 23 19 20 19
15 15 24 19 21 13
32 31 36 30 31 29
26 25 28 23 24 23
22 22 28 23 25 20
22 22 30 25 28 22
18 19 24 21 22 18
16 15 18 15 15 13
12 11 12 10 10 11
28 27 26 21 21 25
13 13 18 15 16 12
21 20 20 17 17 19
27 26 35 27 29 23
22 22 24 21 21 21
28 27 36 26 28 22
17 17 19 18 18 18
12 12 14 12 12 12
17 16 14 14 14 18
35 34 37 31 31 33
35 35 42 34 35 31
30 30 35 28 29 26
19 18 19 16 15 16
21 21 22 21 22 22
12 12 16 12 13 10
35 34 37 30 31 32
29 28 35 27 28 24
31 31 38 32 33 28
25 25 35 28 31 21
22 21 18 15 14 20
35 34 35 30 30 32
26 25 30 24 25 22
30 29 35 28 29 26
24 23 23 19 18 22
16 15 15 13 13 15
22 22 26 20 21 19
26 26 29 25 26 25
29 28 32 25 25 23
38 37 40 34 35 35
23 22 25 19 20 20
30 29 38 30 32 26
22 22 23 20 21 23
21 21 24 21 22 22
15 16 24 19 22 14
32 31 40 31 33 26
28 27 24 21 21 26
33 33 33 29 29 32
28 27 24 20 20 26
13 12 11 10 9 12
16 16 15 13 14 17
22 22 22 20 20 21
25 25 25 23 24 25
38 38 46 38 41 36
23 23 24 22 23 23
19 18 19 17 18 20
23 21 19 15 14 20
15 15 14 15 15 16
14 14 18 16 17 13
37 36 41 33 34 33
15 14 14 12 12 13
23 23 28 23 25 21
29 28 31 26 27 28
18 17 16 14 13 15
27 26 30 26 26 25
24 24 31 24 26 21
15 15 19 17 18 15
21 21 25 20 21 19
20 20 21 18 18 18
27 27 35 27 29 23
16 16 17 16 16 16
30 30 38 30 32 27
26 26 33 27 28 23
24 23 31 24 26 20
20 20 27 23 24 18
19 19 26 21 23 18
25 24 26 23 23 24
21 21 24 21 22 21
20 20 26 22 24 18
29 29 38 31 33 26
30 30 35 27 29 26
31 30 39 33 35 29
20 19 20 17 17 18
37 36 45 35 37 32
28 27 25 23 22 28
28 28 37 31 33 26
29 28 31 26 26 27
27 26 28 22 22 23
29 27 27 22 22 25
23 23 24 23 24 24
25 24 28 22 23 22
16 16 17 14 14 15
23 23 29 24 25 23
20 20 19 19 19 21
21 21 30 25 27 19
13 12 11 9 8 11
21 20 18 19 18 22
18 18 27 21 23 15
20 19 22 17 18 18
29 29 36 30 33 28
29 29 34 30 31 28
21 21 23 19 20 22
22 22 26 24 25 23
33 32 41 32 33 27
14 14 16 14 14 13
24 24 29 25 27 24
27 27 37 29 32 24
29 29 37 31 33 27
27 26 29 25 26 26
14 14 14 12 12 12
25 24 23 18 18 21
31 30 34 26 27 26
15 14 14 10 9 12
16 16 18 16 17 16
22 21 20 16 16 19
26 26 33 29 31 26
24 23 25 20 21 22
23 22 21 19 19 23
27 26 31 26 27 23
29 28 28 23 22 26
28 27 25 22 21 26
29 28 25 21 20 27
25 24 22 19 18 21
28 27 27 24 24 27
29 28 30 24 24 25
25 26 33 29 31 24
30 30 36 29 31 27
22 22 22 19 19 21
31 31 37 32 33 30
35 34 40 32 33 31
27 26 34 26 28 22
31 30 36 30 32 29
21 21 30 24 26 19
19 19 27 20 22 15
23 23 31 25 27 21
35 34 41 33 34 30
21 21 22 22 22 22
18 18 20 17 17 16
32 31 33 26 26 29
21 22 30 26 28 20
15 15 25 19 21 12
24 23 28 24 25 21
33 32 40 30 32 28
19 19 19 18 18 19
38 37 41 34 35 35
23 23 25 22 22 21
21 20 21 18 18 20
21 20 19 18 17 20
12 13 20 16 18 11
12 11 12 10 10 9
31 31 39 31 33 28
22 21 22 20 20 21
27 27 28 23 23 25
25 25 34 27 29 22
28 27 28 24 25 27
22 22 26 19 20 18
24 23 29 22 23 20
34 34 42 34 36 32
19 18 25 19 20 15
15 15 16 13 13 13
19 19 28 23 25 18
32 31 38 29 31 26
23 22 21 16 15 18
15 14 15 14 14 14
14 14 13 12 11 14
17 17 24 21 23 15
31 30 30 25 24 28
25 24 25 20 20 21
20 20 23 20 21 21
20 19 18 14 14 17
29 28 32 28 29 28
23 23 33 27 29 21
23 23 31 26 28 22
38 37 44 35 37 34
36 36 42 34 36 33
18 18 20 18 19 19
30 29 34 27 28 25
33 32 34 28 28 29
29 28 37 30 31 25
23 23 29 23 25 20
18 18 21 18 19 19
17 16 20 16 16 14
28 27 31 24 25 25
26 26 28 24 24 24
24 24 27 24 26 24
16 16 18 14 15 15
20 20 24 21 23 20
22 21 28 22 23 18
22 22 19 17 16 21
31 30 32 26 26 29
31 30 40 32 34 27
35 34 39 33 34 32
34 33 41 32 34 30
32 31 31 27 27 30
33 32 35 29 30 30
31 30 38 32 34 29
26 25 25 19 19 23
27 27 34 29 31 26
18 18 27 21 23 15
30 29 38 28 30 24
29 29 37 30 32 27
18 18 22 20 21 18
15 15 15 14 14 16
33 32 39 31 32 27
28 27 25 21 20 24
20 19 22 17 17 16
17 17 16 15 16 18
38 37 46 36 38 32
14 14 12 12 11 15
26 25 27 22 23 24
18 17 22 18 19 16
29 29 33 29 30 29
17 16 17 14 14 16
12 12 13 12 12 11
19 19 21 18 19 17
19 18 19 16 16 16
19 19 23 21 22 18
25 24 33 25 27 20
35 35 43 34 35 30
33 32 39 30 31 28
26 25 28 24 24 24
19 19 20 18 19 20
34 33 41 34 36 31
15 15 16 13 13 14
27 27 30 25 26 26
28 28 35 29 31 27
19 19 18 18 17 19
18 18 22 18 19 17
12 12 13 12 12 11
19 18 23 19 20 16
28 27 29 23 24 25
18 18 17 15 15 17
23 22 27 22 23 21
13 13 19 15 17 12
25 24 34 25 27 20
8 8 10 8 9 8
23 23 23 18 19 21
26 25 29 23 24 24
19 19 26 21 23 16
30 29 26 23 22 28
28 27 33 28 30 26
22 22 23 23 23 23
27 27 33 25 26 22
22 21 19 15 14 19
12 12 14 13 13 12
15 15 19 16 17 13
20 20 30 25 27 17
21 20 22 20 20 19
22 21 23 17 17 17
34 33 35 29 29 30
18 18 22 19 19 16
28 27 35 27 29 23
25 24 27 24 25 26
32 31 35 30 31 30
26 25 25 20 21 24
29 29 36 28 30 26
6 6 6 6 6 6
31 31 34 29 30 30
21 20 21 16 16 18
34 34 38 32 34 32
31 31 40 31 33 26
19 19 26 21 22 16
24 24 28 21 22 21
23 22 21 18 18 23
23 22 24 21 22 23
28 28 36 30 33 28
28 27 26 21 21 26
18 17 17 14 13 16
32 32 38 31 32 29
21 21 20 18 18 22
33 33 41 33 35 31
32 31 35 29 30 28
38 38 46 37 39 34
25 24 30 25 26 22
33 32 33 28 28 31
20 20 21 18 18 20
38 37 45 37 39 33
24 23 24 19 19 21
17 17 16 16 16 18
23 23 27 23 23 21
23 23 28 25 26 22
14 14 15 13 14 15
15 15 18 14 15 13
21 20 23 20 21 20
28 28 33 27 29 27
25 25 31 28 29 25
24 23 30 25 26 21
39 39 45 37 38 35
7 7 6 6 6 7
18 18 23 20 22 17
25 25 29 26 28 26
26 26 32 28 30 25
25 24 26 19 19 21
27 26 34 25 27 21
14 13 13 13 13 13
8 8 9 8 9 7
18 17 22 16 17 15
18 17 18 16 16 19
29 28 31 25 26 27
18 18 22 20 20 17
6 6 5 4 4 5
16 16 22 18 20 14
32 31 33 28 29 29
28 28 36 30 32 27
18 17 17 13 13 14
25 23 23 18 17 20
25 24 25 20 20 22
30 29 29 23 23 28
24 23 27 20 20 18
28 27 31 24 25 24
22 22 30 24 26 20
20 20 24 20 21 20
21 22 30 25 27 21
14 13 16 13 13 11
28 27 35 27 29 23
21 21 29 24 26 19
21 21 28 22 24 20
20 19 22 18 18 19
28 28 29 25 25 27
31 31 40 33 35 28
19 19 23 21 22 19
22 21 19 16 16 21
21 21 29 24 26 18
24 23 25 22 22 24
28 27 32 25 26 24
31 29 30 24 24 27
25 25 31 24 25 21
13 13 17 12 13 10
13 13 18 15 17 12
24 24 29 24 25 22
29 29 38 32 34 26
23 22 21 17 17 21
25 25 34 27 29 21
23 23 31 23 25 18
31 31 39 30 32 26
39 38 46 38 40 36
16 16 21 18 20 15
14 14 19 16 17 13
25 25 26 23 23 24
18 18 26 20 22 16
26 26 35 30 32 26
25 25 26 23 23 24
24 24 28 24 25 23
18 18 25 20 21 16
24 24 30 24 26 21
13 13 13 13 12 13
24 23 23 21 21 24
27 27 30 24 25 25
21 20 22 18 18 18
31 31 37 31 33 29
28 27 32 24 25 23
14 14 13 13 13 16
24 23 24 22 22 24
25 24 24 19 19 21
22 22 25 23 24 23
20 20 25 21 23 19
24 23 31 24 26 20
21 21 21 20 20 22
39 38 43 36 37 36
19 18 16 14 13 18
31 30 36 28 29 27
15 14 16 14 15 15
17 17 17 16 16 16
25 24 26 20 20 21
11 11 9 9 9 13
29 28 31 24 25 24
23 22 25 20 21 21
12 12 15 13 14 11
30 28 27 22 21 27
19 19 27 21 23 17
19 18 17 13 12 17
19 19 21 17 17 16
11 11 11 10 10 11
20 19 19 14 13 15
23 22 29 25 26 20
10 9 9 9 9 10
24 24 30 24 25 20
14 14 14 10 10 11
27 26 31 25 26 25
12 12 18 15 17 11
27 26 33 26 28 24
8 7 7 7 7 8
18 17 16 14 13 16
21 21 30 25 27 18
13 13 15 13 14 13
26 25 24 20 20 25
31 30 35 28 29 28
22 21 22 16 16 18
35 34 39 30 31 31
33 32 36 28 30 30
33 32 40 32 34 30
27 27 35 30 32 26
23 22 23 18 18 19
17 17 14 14 14 19
19 18 20 17 17 18
15 15 21 18 19 14
19 19 21 15 15 15
24 23 21 16 15 22
25 24 24 20 20 23
25 25 28 25 26 26
29 28 26 22 22 27
25 25 34 26 28 21
21 20 22 17 17 17
