11 10 12 12 11 13
21 23 18 19 22 22
28 29 26 27 28 30
21 18 20 21 20 25
23 23 24 23 22 23
28 27 24 25 27 32
23 21 23 23 21 24
22 20 20 20 20 23
20 23 15 17 23 25
30 33 26 28 34 37
20 22 17 18 21 22
19 22 15 16 21 22
30 31 28 29 30 32
16 19 17 16 18 17
16 16 12 14 17 21
22 25 20 21 25 25
15 14 13 14 15 18
32 32 30 31 33 37
22 22 18 20 22 26
32 35 29 29 34 34
14 15 12 13 15 16
17 17 17 17 17 17
17 17 13 15 18 20
30 32 26 27 33 36
19 18 17 17 17 19
20 21 19 19 22 25
22 24 16 19 25 29
29 29 23 26 30 35
17 16 13 15 18 23
23 26 22 22 26 28
23 24 20 22 25 29
24 26 21 23 27 31
13 12 12 13 13 15
26 24 22 25 26 32
27 28 24 25 28 31
29 29 26 27 29 31
25 27 20 22 28 32
27 28 24 26 30 34
28 31 26 27 31 34
30 33 26 28 34 39
26 25 23 24 24 27
21 24 19 19 23 22
14 14 16 15 14 14
26 24 23 24 26 32
35 38 32 33 38 41
21 18 18 20 18 23
18 17 16 18 19 23
18 18 19 18 18 20
16 13 14 15 13 16
16 21 13 14 20 20
22 21 21 21 20 22
18 22 14 15 22 22
25 22 22 24 23 29
27 26 26 26 26 30
26 23 23 25 25 31
20 16 17 19 17 24
15 16 17 16 16 16
15 17 12 13 17 18
15 14 16 15 15 16
27 29 25 25 29 31
21 23 20 19 22 22
21 20 22 22 20 21
15 19 14 14 18 18
33 35 29 30 35 38
21 23 17 18 23 24
20 24 17 18 24 25
16 19 15 15 18 18
19 20 18 18 19 19
10 11 11 10 11 11
31 28 28 30 29 35
19 18 19 19 19 23
27 29 25 25 28 27
26 27 23 24 28 31
30 33 26 28 34 39
17 16 15 16 18 24
30 29 26 28 30 36
31 34 29 29 33 34
34 35 28 30 35 40
31 34 27 29 34 37
26 24 24 25 26 32
25 26 23 24 27 30
26 27 21 23 28 34
25 27 23 24 27 30
25 26 19 22 28 33
19 19 17 17 18 19
28 31 24 25 30 31
17 17 17 17 17 18
31 30 27 29 31 36
20 17 19 20 18 23
17 17 18 17 17 18
18 19 15 17 20 24
23 22 22 23 24 30
22 23 21 21 22 22
21 20 19 20 20 22
15 16 15 15 16 18
23 23 18 21 24 29
19 20 15 17 21 25
36 38 32 34 38 42
21 20 21 21 20 22
26 26 21 23 25 29
