15 15 17 15 16 16
17 16 17 16 17 16
20 18 24 19 22 21
16 17 19 17 18 18
18 19 24 17 24 19
21 22 21 21 21 20
30 30 36 28 36 30
21 21 22 20 23 20
26 28 33 25 34 27
27 29 30 26 31 26
27 30 26 27 28 25
24 25 26 24 25 24
16 17 16 16 17 15
20 20 25 20 23 21
12 12 10 12 10 10
17 20 21 17 23 18
18 19 19 17 19 17
21 22 26 20 27 22
18 20 20 18 21 18
18 20 21 17 23 17
11 12 14 10 15 11
31 32 38 31 38 32
15 16 20 15 20 16
27 28 35 27 34 29
21 22 27 21 26 22
29 31 34 29 34 30
23 25 25 23 25 23
18 17 27 16 26 20
17 18 23 17 23 19
11 12 12 11 13 10
18 17 18 17 18 17
21 21 26 21 26 22
15 17 18 14 19 15
32 32 38 31 37 33
15 17 16 15 17 15
30 31 35 30 34 31
20 22 18 20 19 18
13 15 19 12 20 14
23 22 27 23 25 24
19 19 30 18 29 22
22 22 28 21 27 23
28 31 31 28 33 28
15 15 17 15 16 15
11 12 14 11 15 11
25 25 29 25 28 25
13 14 12 14 12 12
12 11 16 12 14 13
15 16 15 16 14 15
19 19 27 19 26 22
26 25 30 26 27 27
24 27 26 24 28 23
7 8 7 7 8 7
14 13 15 14 14 14
22 23 22 21 23 20
17 18 19 17 19 17
26 28 31 25 32 26
23 25 23 23 24 22
20 21 27 19 28 21
25 27 33 25 33 28
25 27 32 25 32 27
16 16 17 15 18 15
13 11 18 12 16 15
10 12 10 10 11 10
24 27 28 24 30 24
19 20 20 19 21 18
22 21 25 20 25 22
16 16 17 16 16 16
21 22 22 21 22 20
28 28 31 27 30 28
20 20 24 20 24 21
15 16 19 15 20 16
21 20 27 21 25 23
19 19 28 18 26 22
19 20 20 19 20 18
16 17 15 15 16 15
14 14 20 13 19 15
16 18 18 16 19 16
21 22 22 21 22 20
18 18 25 19 23 21
22 22 27 22 26 23
14 14 18 13 18 14
14 15 13 15 13 13
15 15 19 16 17 17
15 14 19 14 18 16
15 17 20 15 21 16
32 33 40 32 39 34
13 13 19 12 19 15
30 31 35 29 35 30
17 16 24 16 22 19
24 24 24 24 23 23
15 16 19 14 19 16
18 19 18 18 19 18
24 25 25 24 26 23
25 26 33 25 33 27
19 21 21 20 22 19
17 17 16 17 16 16
16 18 20 16 20 17
27 28 35 26 35 29
25 28 29 25 30 25
23 26 26 23 28 23
17 19 16 17 17 16
21 22 26 20 27 21
10 11 10 10 11 9
18 19 21 19 20 19
21 22 20 21 20 20
29 30 35 27 36 29
23 25 26 23 27 23
26 27 27 26 27 25
14 15 13 13 14 12
12 12 12 11 12 11
9 10 12 8 13 9
21 22 29 20 29 23
19 18 24 18 23 20
26 25 29 26 27 26
24 25 29 24 29 25
23 23 30 21 30 24
21 22 28 22 26 23
10 12 14 9 16 10
26 26 27 26 26 25
19 20 19 19 19 19
27 26 32 25 31 27
14 14 19 14 18 15
30 31 39 29 38 32
19 20 18 19 18 18
22 24 21 22 23 20
24 25 27 23 27 24
24 24 28 24 27 25
24 25 30 23 31 25
18 20 20 18 22 17
23 22 26 22 25 23
5 6 6 5 6 5
22 24 23 23 24 22
11 10 16 11 14 12
22 22 27 22 25 23
31 31 36 31 34 32
24 24 30 22 30 25
18 18 20 18 19 19
22 25 28 23 29 24
27 28 33 26 33 28
23 22 25 22 23 22
16 18 20 16 21 17
8 9 9 9 9 8
26 29 30 26 32 26
16 17 16 17 16 16
22 22 25 23 24 23
19 20 21 19 21 19
14 16 16 16 15 15
14 15 20 13 20 15
10 10 12 10 11 10
25 24 30 24 29 26
17 19 18 15 20 15
31 32 34 30 34 31
17 19 21 16 23 17
17 16 20 16 20 17
31 32 36 30 36 31
21 22 29 20 29 23
13 14 14 11 16 12
21 21 29 21 27 23
24 22 27 22 25 24
20 22 20 21 21 19
25 26 30 23 31 25
21 21 26 19 27 21
25 25 30 25 28 26
24 24 31 24 30 26
14 16 20 13 21 15
15 16 13 14 14 13
21 22 24 21 23 21
16 17 22 17 21 18
12 14 14 12 15 12
26 28 30 25 32 26
25 26 30 24 30 25
21 20 25 20 24 22
25 25 33 23 33 26
30 30 34 30 33 30
20 22 26 20 26 22
24 24 24 24 23 23
31 33 36 30 37 32
24 24 27 25 25 25
20 21 24 19 25 20
17 18 14 17 15 15
15 17 17 15 18 15
16 17 22 15 23 17
21 21 21 21 21 20
11 12 15 11 15 12
19 22 23 20 24 20
25 25 28 23 28 24
27 27 30 27 29 27
22 22 24 22 23 22
23 23 30 24 27 26
23 26 29 23 30 24
15 14 18 14 17 15
20 23 23 20 24 20
16 16 21 16 19 17
27 28 33 27 33 28
17 18 16 17 16 16
28 29 30 28 30 28
26 26 29 25 28 26
22 21 24 22 23 22
24 25 29 24 28 26
