14 16 16 16 14 16
17 15 14 19 16 17
31 28 26 32 32 31
18 19 17 21 19 21
20 19 20 20 22 20
25 26 26 28 26 28
19 18 18 19 20 18
20 22 22 23 20 23
22 22 20 25 21 24
35 32 32 36 38 35
26 26 25 29 25 28
25 23 23 25 26 25
33 30 29 34 35 33
25 21 22 23 26 22
32 29 29 34 34 32
23 21 21 23 22 22
22 22 23 23 24 23
19 18 19 19 19 18
26 24 23 28 27 27
30 30 29 32 30 31
19 19 18 22 18 21
23 21 21 24 25 23
12 14 15 13 12 14
19 17 18 19 21 18
4 4 4 5 4 5
18 17 17 19 18 18
21 22 23 22 23 23
34 29 31 32 36 31
27 24 24 27 28 26
28 23 24 26 30 25
29 25 27 28 32 27
22 21 18 26 20 23
15 14 15 15 17 14
23 22 23 22 25 22
30 28 27 31 31 30
29 27 27 29 31 28
27 24 24 26 30 26
23 21 20 25 23 23
28 29 29 30 31 31
16 15 14 17 16 16
32 28 27 33 34 31
18 17 15 21 17 19
23 23 23 25 23 24
23 19 19 22 23 20
26 25 25 28 27 27
25 24 24 27 26 27
25 23 24 24 27 24
