24 25 24 30 24 30
12 11 12 18 12 15
19 20 19 24 19 23
25 25 24 31 23 29
22 18 21 29 20 25
19 22 20 23 21 26
27 27 30 42 30 41
22 20 21 26 21 24
18 14 15 24 13 17
27 28 29 36 30 37
24 21 24 35 24 31
13 16 15 18 16 21
25 23 26 36 25 33
21 23 20 22 20 23
24 24 22 27 22 25
21 25 22 24 23 28
19 17 17 24 16 19
22 20 22 28 22 27
33 34 34 45 34 44
22 23 25 31 26 33
15 14 15 21 14 18
29 30 30 37 30 36
23 22 24 34 24 32
26 29 27 32 28 35
19 18 17 21 16 18
32 32 33 43 33 42
26 29 29 34 30 38
26 29 29 34 31 39
13 12 12 15 11 13
17 16 17 24 15 20
29 31 30 37 31 38
26 26 27 37 26 35
24 23 24 32 24 30
28 28 27 33 26 31
23 21 22 32 21 27
23 20 21 30 20 25
17 16 16 22 16 19
20 22 20 22 21 24
20 23 23 28 25 33
24 27 26 28 27 33
14 14 16 20 17 22
21 21 24 32 24 33
24 23 21 27 20 23
23 23 22 25 21 24
20 19 22 29 22 28
17 16 17 23 17 22
12 13 13 15 13 16
23 25 24 28 26 31
21 19 21 28 20 25
30 29 29 35 29 34
11 12 12 14 13 17
32 33 33 41 33 41
23 24 23 29 24 29
17 17 18 24 19 25
18 17 18 23 17 22
28 30 28 32 28 33
20 21 20 24 20 24
23 27 25 28 26 31
18 21 18 20 19 23
27 25 24 32 23 27
24 21 23 31 22 27
21 23 22 24 23 27
16 17 17 20 18 22
24 24 22 28 21 24
15 14 14 20 14 18
32 31 31 41 31 38
31 31 31 40 32 39
17 17 15 17 14 16
22 22 24 32 24 31
27 27 26 34 26 31
26 25 24 32 23 27
28 29 29 34 30 35
25 23 23 31 21 25
32 33 32 41 33 41
17 17 17 19 17 19
21 21 20 27 19 23
15 16 15 18 15 18
26 24 25 33 25 30
15 14 14 18 13 15
22 21 20 25 19 21
22 22 22 29 21 27
21 17 21 30 20 26
21 23 24 31 25 34
18 21 20 22 21 26
21 24 21 23 23 26
20 20 22 32 22 30
19 19 21 27 22 29
22 21 19 24 19 21
24 21 24 34 23 29
25 25 25 36 24 32
17 14 17 24 16 21
29 27 29 40 29 37
14 17 17 21 18 24
23 21 24 34 24 32
18 18 20 28 20 28
14 16 14 16 15 17
20 18 17 24 16 19
26 25 26 36 25 32
11 10 11 15 12 15
33 32 31 41 31 38
21 20 22 30 22 29
17 16 15 19 15 17
32 32 31 41 30 37
20 22 20 25 20 25
18 17 16 19 16 18
18 17 19 25 18 23
15 18 17 20 19 25
19 20 21 29 21 29
13 13 14 16 14 17
15 15 16 18 17 19
27 27 26 35 26 32
30 32 31 37 31 39
23 21 22 29 21 25
18 19 16 17 16 16
23 24 21 26 21 24
23 26 22 25 22 26
19 21 21 26 21 27
9 7 9 15 7 10
19 19 22 30 23 31
22 24 24 31 24 32
27 28 29 37 30 38
23 23 24 34 24 32
25 26 27 36 27 35
23 24 23 28 24 30
22 21 20 26 19 23
17 17 16 21 15 19
23 20 20 28 17 20
26 26 30 42 31 42
16 18 17 20 17 22
21 19 22 32 22 29
19 20 20 23 21 25
19 19 16 18 16 16
23 25 25 30 27 34
18 21 19 22 21 25
17 14 18 27 17 23
19 20 17 18 17 18
20 19 19 26 18 21
20 22 19 20 19 22
23 20 23 33 23 30
25 27 24 29 24 29
24 28 25 30 26 32
25 23 25 34 24 31
18 18 17 22 16 19
24 23 22 29 20 23
23 25 24 29 24 30
21 21 21 25 22 27
8 8 9 11 10 13
14 11 14 23 13 18
30 28 28 36 28 33
24 27 23 26 23 27
30 31 29 37 28 34
19 21 22 30 23 31
16 14 16 21 15 19
20 18 17 24 16 19
18 18 18 22 19 23
15 15 17 21 18 24
19 20 21 26 21 27
18 21 20 23 22 28
22 23 21 28 21 25
20 19 21 28 21 27
15 18 19 23 21 28
25 29 25 28 26 31
18 18 20 28 20 27
35 36 37 48 37 47
19 16 18 28 17 23
18 19 17 20 17 20
22 22 25 34 26 35
22 21 20 26 19 23
26 28 26 32 26 32
24 23 23 33 22 28
26 25 28 37 28 37
17 17 17 21 17 21
24 25 24 27 25 29
24 26 26 31 27 34
6 6 5 6 5 6
25 26 25 33 25 32
18 20 19 22 20 25
12 11 13 18 13 17
14 12 12 17 11 13
28 28 32 43 33 44
13 10 12 22 11 15
27 26 29 40 28 38
23 22 24 33 24 31
24 21 24 33 23 29
23 23 23 30 23 29
24 24 22 27 21 24
22 24 20 22 20 22
22 23 21 21 21 23
25 22 23 30 21 25
19 19 18 20 18 20
18 20 16 16 16 17
20 21 20 22 21 24
27 26 25 33 23 28
22 21 21 26 21 24
11 9 10 17 9 12
20 22 23 28 25 32
18 19 17 19 17 20
21 22 24 32 26 34
14 12 15 21 16 21
15 15 16 20 17 21
