18 13 12 12 17 16
22 16 25 18 23 17
23 22 22 23 23 22
28 26 34 22 29 29
20 22 31 22 22 23
32 24 26 29 31 25
14 10 14 13 15 10
25 17 25 20 26 18
37 28 41 29 39 31
9 6 9 7 9 7
10 11 10 14 10 9
13 8 8 7 12 10
33 26 34 29 34 27
13 13 13 15 13 12
25 17 29 19 27 19
18 11 14 15 18 11
13 14 17 15 14 14
17 11 16 15 17 11
29 26 33 30 30 26
27 23 34 26 29 24
32 25 37 23 34 28
33 25 32 25 33 27
32 28 34 29 33 30
26 23 34 23 29 25
26 24 36 27 29 24
18 12 14 16 18 12
24 20 28 17 26 23
29 23 29 25 30 24
18 20 28 19 20 20
29 25 33 27 31 26
16 13 12 14 15 13
9 8 9 9 9 8
30 28 40 33 33 28
38 32 38 35 39 33
28 20 26 24 28 21
34 26 33 27 34 28
35 29 39 30 37 30
20 21 25 23 21 20
17 14 17 18 17 14
27 23 33 20 29 26
23 25 31 26 25 25
19 16 19 15 19 18
16 11 13 10 16 13
17 11 14 12 17 12
29 22 30 24 30 24
12 8 13 10 13 8
34 28 38 30 36 30
24 22 24 25 24 23
23 22 33 23 26 23
28 17 20 19 27 19
25 22 34 23 28 23
15 10 13 12 15 11
22 17 19 16 21 19
25 20 30 22 27 20
33 25 27 28 32 27
35 27 39 26 37 30
20 17 26 15 21 20
24 15 17 16 23 17
18 15 21 14 19 16
17 20 25 20 19 19
23 19 24 22 23 19
10 9 12 10 11 9
18 12 21 15 20 13
24 17 21 17 24 19
31 22 28 25 32 23
28 25 37 26 31 26
23 20 26 18 24 22
33 27 36 26 35 29
22 20 21 25 22 19
23 23 31 25 25 23
19 15 20 19 20 15
19 15 21 17 20 15
22 20 20 23 21 20
35 31 40 33 37 32
21 17 25 16 22 19
28 23 35 26 30 23
28 18 22 20 28 20
16 15 24 14 18 16
18 14 17 17 19 14
22 21 26 23 23 21
25 22 27 21 26 23
22 23 28 23 23 23
19 16 15 17 18 17
27 25 31 25 28 26
17 13 21 14 19 13
14 15 23 14 16 15
25 21 24 21 25 23
13 9 9 9 12 11
22 18 19 21 22 19
25 24 31 22 26 26
36 30 43 33 38 31
23 17 19 22 22 17
22 21 23 21 22 22
33 23 35 23 34 26
20 15 16 12 19 18
30 26 30 28 30 27
24 17 21 21 24 17
26 24 33 28 28 23
32 30 35 30 32 31
27 23 28 23 28 25
