7 9 7 7 7 8
27 28 28 27 23 24
21 26 19 19 16 16
29 30 32 30 26 28
28 32 27 26 22 23
29 32 29 28 23 25
22 27 23 22 19 17
14 17 16 15 12 10
29 36 28 28 24 25
25 25 24 23 22 25
20 17 22 20 16 17
40 44 41 39 35 36
25 27 26 25 21 22
27 35 27 27 24 24
16 16 16 15 12 12
25 24 27 25 21 22
28 30 27 26 23 25
22 27 21 21 17 17
32 39 31 31 29 30
40 45 40 39 34 35
31 35 30 29 26 27
25 33 24 24 22 21
21 27 19 20 18 19
33 37 33 31 25 25
24 28 24 23 20 20
23 30 21 22 20 20
33 36 34 32 26 25
20 27 19 20 16 13
29 31 30 29 25 26
25 26 25 24 21 22
22 28 21 21 19 19
19 23 20 20 17 15
19 24 18 18 15 14
26 28 28 27 22 22
22 22 24 22 17 16
26 26 26 25 23 27
20 25 19 19 17 17
28 29 28 27 23 25
24 23 26 24 19 19
25 33 23 24 22 23
16 21 16 16 15 15
22 27 21 21 21 24
24 24 26 24 22 24
39 44 39 38 32 32
36 38 37 35 31 33
16 22 14 15 13 13
19 27 17 18 16 16
17 20 18 17 14 12
33 38 33 32 29 30
19 20 19 18 15 15
11 13 12 12 9 9
19 25 16 17 17 18
17 23 15 15 15 15
29 33 30 29 24 25
28 27 29 27 25 28
9 9 9 9 8 9
27 30 28 27 24 25
31 40 29 30 27 27
32 38 32 31 25 24
27 34 26 26 24 25
12 13 13 13 10 10
22 24 22 22 20 22
27 35 26 26 23 22
17 21 15 16 15 16
41 46 41 39 34 35
27 27 28 27 24 28
24 25 27 25 21 21
24 25 24 23 20 22
28 32 26 26 23 25
25 26 25 24 21 24
25 26 28 26 21 20
20 19 21 20 18 21
18 20 17 17 15 16
24 22 27 24 19 19
25 33 24 25 22 22
26 30 27 27 24 26
23 31 20 22 21 22
32 39 31 31 26 25
32 35 33 32 29 31
10 10 11 10 9 10
25 24 26 24 22 26
26 28 24 24 21 23
29 38 28 29 27 27
18 21 16 17 16 18
27 30 28 27 22 22
17 22 15 16 16 18
22 21 23 21 20 23
26 24 29 27 22 23
23 25 23 22 19 20
20 21 19 18 17 20
23 25 26 24 18 16
24 28 22 22 20 23
26 27 27 26 21 21
19 19 20 19 18 20
20 25 19 19 18 18
20 25 22 21 19 19
33 40 33 32 27 25
34 38 34 33 26 25
23 28 20 21 19 22
31 36 31 30 25 25
27 35 27 27 22 20
23 26 24 23 19 18
27 31 27 26 22 22
18 22 16 17 15 16
27 29 29 27 24 25
24 28 22 22 21 24
28 30 27 26 24 27
27 31 26 26 21 20
23 28 23 23 22 22
21 26 21 21 19 19
25 32 24 24 22 22
22 26 21 21 18 19
25 25 26 24 21 22
26 28 26 24 20 20
34 37 34 33 29 30
20 28 17 18 18 18
19 19 19 18 14 14
23 28 23 23 19 18
16 16 17 16 14 15
14 19 15 14 12 10
27 26 29 27 22 24
13 20 10 11 10 10
17 20 18 17 16 16
26 30 25 24 19 19
34 38 34 33 30 32
28 27 29 27 24 27
26 33 26 25 21 19
15 18 16 16 14 15
22 19 24 21 17 19
20 20 23 21 16 16
27 29 29 28 24 25
12 12 12 12 9 10
16 21 17 17 14 13
28 33 29 28 23 22
20 23 20 20 19 21
24 23 25 23 18 18
18 24 17 18 17 17
29 30 32 30 24 23
15 17 15 15 12 11
25 25 27 25 21 21
20 23 22 21 20 21
17 19 18 17 16 17
34 39 35 34 29 29
24 26 25 24 19 18
25 29 24 24 20 21
15 22 12 13 12 11
30 30 31 29 27 29
23 31 21 22 20 20
25 30 23 23 19 19
17 17 17 16 13 14
26 29 26 25 22 23
21 25 22 21 18 16
16 20 15 15 16 19
21 21 21 19 16 17
12 14 13 12 10 10
8 10 8 8 7 6
18 23 16 17 17 18
22 30 20 21 18 17
25 25 27 25 22 24
33 35 33 31 26 27
24 29 24 24 21 20
18 20 17 17 15 16
30 32 30 29 23 23
30 33 31 29 24 24
29 31 31 29 25 25
34 36 35 33 29 31
26 27 28 26 23 25
14 16 13 13 14 17
24 32 21 22 21 22
28 34 29 28 22 19
18 24 15 16 16 17
20 24 18 19 20 23
19 22 20 19 19 20
34 37 33 32 27 28
14 15 14 13 13 14
36 38 36 34 31 33
21 25 20 20 17 17
28 31 29 28 25 26
20 21 20 19 19 22
32 33 34 32 29 31
27 28 27 25 20 21
20 20 21 19 17 19
24 27 25 24 19 17
19 22 21 20 17 18
26 33 25 25 22 22
8 10 9 9 9 10
27 28 28 27 23 25
19 18 19 18 15 17
21 21 22 21 20 24
21 27 19 20 18 19
23 24 24 23 20 22
36 44 36 35 31 32
18 15 19 17 14 15
25 28 24 24 22 24
23 25 23 22 21 24
26 29 27 26 22 21
21 19 22 20 19 22
38 42 38 37 32 34
25 31 24 24 23 25
24 27 25 24 23 25
15 21 13 14 13 14
38 39 40 38 33 35
18 17 19 18 17 20
26 32 24 24 20 19
36 40 37 36 32 33
25 28 24 24 22 24
31 34 30 29 26 28
18 17 19 17 15 17
25 28 26 26 23 24
31 36 31 30 25 23
19 22 18 18 15 15
24 21 25 23 22 27
27 24 29 27 24 28
16 20 14 15 15 17
30 29 33 31 27 30
26 24 28 26 23 25
20 26 18 18 16 15
23 27 22 21 19 20
25 30 24 24 22 23
13 17 10 11 10 9
11 14 12 12 10 8
22 22 23 21 17 16
8 10 7 7 7 7
17 22 17 17 14 13
26 29 28 27 24 24
19 22 17 17 16 17
11 12 11 11 9 9
30 32 29 28 25 28
18 20 18 18 18 20
26 33 26 26 21 19
26 32 24 24 21 20
15 22 12 13 13 13
34 38 33 32 27 28
32 37 31 30 26 27
14 19 13 13 14 15
33 34 34 32 28 31
39 44 38 37 32 33
23 26 21 20 18 19
11 14 11 11 9 8
25 29 25 24 22 24
21 23 21 20 16 16
12 16 12 12 11 11
31 32 33 31 23 22
26 32 25 24 20 18
22 24 24 23 19 19
26 29 25 25 23 25
17 18 18 17 15 15
25 22 27 25 23 27
20 25 19 19 18 20
18 23 15 16 14 15
21 21 21 20 19 21
23 21 24 22 20 23
18 21 18 18 18 21
25 26 26 24 23 26
26 33 25 25 22 22
17 15 19 17 14 15
23 29 23 23 19 18
19 24 17 18 17 19
15 16 16 16 13 13
21 25 21 21 18 18
30 32 30 29 25 26
34 38 34 33 26 25
35 42 35 34 30 31
23 27 23 22 19 18
38 42 39 37 32 34
19 15 21 18 15 16
21 20 21 20 20 24
30 29 32 30 26 27
21 29 19 20 17 16
28 31 27 26 23 25
16 21 17 17 14 13
21 26 22 22 19 18
21 22 20 20 17 20
35 36 37 35 29 30
19 18 20 19 18 22
16 18 17 17 16 17
24 33 22 23 20 19
21 22 23 21 16 15
17 23 17 17 16 16
35 41 34 34 30 32
16 19 16 16 15 16
17 22 15 15 15 16
34 35 34 32 29 33
21 24 23 22 20 20
16 17 16 15 15 17
30 28 31 29 26 29
32 36 32 30 25 26
29 29 29 28 23 25
28 33 28 28 25 25
18 21 17 17 16 18
22 29 20 21 21 23
20 23 18 18 17 18
33 33 34 32 28 30
25 32 25 24 19 17
23 30 23 23 18 16
33 37 33 31 26 26
19 20 19 18 18 21
28 27 29 27 25 29
19 20 21 20 19 21
22 20 23 21 18 19
33 35 34 33 29 30
26 32 25 25 23 23
26 27 26 25 22 25
23 24 24 22 18 18
30 36 28 28 25 26
23 23 26 24 19 18
30 32 32 31 27 28
23 23 25 23 19 19
34 37 33 32 26 27
28 36 27 28 24 23
30 31 31 29 24 24
31 34 33 31 25 24
27 30 28 27 23 23
25 29 25 24 21 21
33 34 35 33 27 29
21 27 21 21 18 17
18 26 17 18 14 12
25 26 26 25 22 24
17 17 18 17 14 16
11 15 11 11 9 8
21 23 20 19 18 19
23 26 25 24 21 22
24 23 24 22 18 19
24 28 23 23 21 23
28 28 30 28 25 27
16 21 16 16 14 14
33 34 35 33 26 25
24 29 24 23 20 20
35 41 36 35 29 28
34 39 33 33 29 30
29 30 30 29 26 28
19 27 16 17 17 17
21 26 20 20 18 19
30 35 30 29 26 27
32 34 31 30 25 26
34 38 34 33 27 27
18 26 17 18 15 13
27 29 29 28 24 26
18 22 17 17 18 20
16 20 14 15 14 15
19 16 21 19 15 16
19 17 21 19 18 22
12 13 12 12 13 16
26 30 25 25 20 19
35 39 36 34 28 27
36 41 35 34 29 29
18 19 19 18 18 21
33 37 33 31 25 24
29 30 30 28 22 21
14 18 15 15 13 13
16 19 16 16 17 19
17 24 15 16 14 13
24 31 21 22 23 25
25 31 23 23 19 18
27 35 26 26 23 23
15 15 16 15 12 12
31 33 32 31 27 28
20 25 19 19 18 18
24 28 25 24 22 23
21 18 23 21 17 19
21 21 21 20 19 22
26 25 28 26 20 20
22 26 22 22 21 22
27 27 28 26 22 23
24 29 24 24 20 20
26 26 28 27 23 25
20 22 19 19 17 18
31 31 34 31 26 27
18 18 18 18 17 20
20 22 22 21 18 18
23 27 23 23 19 19
16 19 18 17 14 12
28 28 29 28 24 26
28 33 29 28 25 24
17 17 19 17 13 14
26 26 25 24 20 21
30 33 29 28 22 22
23 24 26 24 19 18
22 24 24 23 19 19
24 25 25 23 19 19
26 25 26 24 22 26
24 29 24 23 19 18
11 17 9 10 9 8
27 27 28 26 22 24
17 16 19 17 13 13
23 23 26 24 20 21
33 32 37 34 29 31
25 32 23 24 22 23
23 28 22 22 22 24
25 29 25 25 22 22
35 39 35 34 27 25
20 19 21 20 18 21
19 20 19 18 16 17
33 33 34 32 29 32
30 29 33 31 26 26
28 35 27 27 23 23
23 25 22 21 19 20
21 28 19 20 18 17
28 32 29 28 24 24
26 30 25 25 24 26
35 40 35 34 28 29
35 37 36 34 28 29
20 27 19 19 17 16
25 29 25 24 23 26
20 19 21 20 17 18
28 29 27 26 24 28
33 36 32 31 26 27
20 24 18 18 18 20
29 29 31 29 24 24
19 21 18 18 17 19
20 27 17 18 18 19
23 24 24 23 21 24
22 26 20 20 18 20
35 40 35 34 29 29
20 24 20 20 16 15
25 25 28 26 20 19
29 34 28 28 26 29
23 29 22 22 20 21
37 40 38 36 30 30
28 28 29 27 25 28
18 22 17 17 14 13
19 24 17 17 15 15
21 21 22 21 19 21
18 20 17 17 14 14
23 28 21 21 18 18
15 15 15 14 13 15
20 19 22 20 17 18
22 25 22 21 21 24
19 23 17 18 19 21
11 13 10 10 8 8
16 16 17 16 13 14
31 35 31 30 26 27
20 25 19 19 18 18
31 36 30 30 25 26
21 25 22 22 19 19
30 34 30 29 25 24
15 18 16 16 15 16
12 16 11 11 10 10
19 21 20 19 17 18
28 36 27 27 22 20
7 7 7 6 6 7
18 21 17 17 16 18
21 28 19 19 16 15
27 31 26 25 20 20
27 36 26 27 24 23
21 27 19 19 18 19
26 26 26 25 23 26
21 25 21 21 18 18
31 31 35 32 28 29
26 30 26 25 20 18
21 27 21 21 18 17
18 24 16 17 15 15
20 17 22 20 17 19
14 18 12 12 13 14
27 30 28 27 22 21
21 26 21 21 20 21
30 31 31 29 24 24
22 23 21 20 17 19
32 35 30 30 27 30
23 23 24 23 21 24
26 27 28 26 22 22
25 28 27 25 20 19
17 22 15 16 15 17
20 20 20 19 17 19
29 33 28 27 25 28
31 38 30 30 27 26
25 27 26 24 20 20
20 18 20 18 14 16
26 29 25 24 23 27
26 26 26 25 22 25
22 28 20 21 17 17
18 23 17 17 14 14
10 12 10 11 11 14
28 32 26 26 25 29
29 28 32 29 24 24
32 38 31 31 28 29
16 18 17 16 14 14
28 30 29 27 23 23
20 26 19 20 17 16
12 15 11 11 9 9
16 17 16 15 13 15
30 31 28 27 25 29
25 31 22 23 23 26
25 29 26 25 20 18
33 39 32 32 29 31
18 23 16 17 14 13
33 35 34 32 29 32
17 22 17 17 15 15
24 26 23 22 18 19
32 38 32 31 24 22
32 34 34 32 27 28
20 23 18 18 15 15
24 23 25 23 19 21
26 31 26 25 21 21
14 16 15 14 12 12
27 25 27 25 23 28
38 40 39 37 32 33
31 34 32 31 24 24
19 15 20 18 14 16
30 35 30 29 24 23
