34 37 33 26 29 25
27 29 17 17 13 13
40 43 31 28 24 22
22 25 23 18 18 15
25 26 19 17 20 18
37 39 34 34 31 29
15 16 13 12 16 14
39 42 30 32 27 27
23 23 21 25 22 23
21 23 21 19 18 16
42 46 34 29 29 26
14 14 13 17 14 15
33 37 32 28 26 23
43 47 36 31 32 28
29 32 26 21 24 20
19 20 18 19 18 17
33 36 25 21 19 17
40 42 31 32 28 28
28 30 18 18 15 15
26 27 28 30 28 27
33 36 33 30 28 25
32 35 30 26 26 23
24 25 14 14 11 11
39 42 35 34 31 29
17 18 14 14 13 13
39 41 34 33 32 30
19 19 14 16 11 11
26 27 20 22 18 18
35 38 25 23 19 18
39 43 32 26 27 23
30 32 24 26 18 18
21 23 22 19 21 19
25 26 22 25 23 23
17 18 18 22 15 16
17 17 15 16 14 14
22 22 17 21 14 15
43 47 39 34 34 31
32 34 21 18 22 19
23 25 24 24 22 21
31 33 23 25 18 18
35 38 33 31 30 28
35 39 31 26 24 21
31 34 30 28 28 25
30 32 23 20 24 22
25 27 16 15 14 13
43 46 38 36 34 31
33 36 31 28 27 24
27 29 18 15 17 15
28 31 29 24 25 22
26 29 17 13 12 10
