16 18 28 21 22 17
22 23 30 26 25 22
14 13 17 13 15 14
28 30 39 36 32 28
17 18 22 18 19 18
20 19 30 26 23 18
17 19 26 25 20 16
17 18 28 25 22 16
16 16 25 22 19 15
19 21 29 23 23 20
15 20 19 20 17 17
14 16 17 17 15 14
23 24 32 28 26 23
25 27 30 32 26 24
17 15 21 15 18 16
17 14 22 20 18 13
18 18 20 21 17 16
23 21 34 29 27 20
21 19 25 22 21 18
15 16 20 17 17 15
25 26 37 31 30 24
28 25 40 32 32 25
23 22 33 28 27 22
33 34 45 39 37 32
19 18 28 26 22 16
18 18 20 16 18 18
24 23 32 27 26 22
24 25 34 30 28 23
13 13 22 15 17 14
25 24 35 30 28 23
17 22 26 24 21 20
24 24 34 28 27 23
15 19 22 20 18 17
22 20 28 23 23 20
23 24 37 30 29 22
27 27 40 34 32 25
16 19 24 22 20 17
19 22 24 22 21 21
22 23 32 26 26 22
15 18 27 24 21 16
16 19 18 20 16 17
15 16 25 18 19 16
11 11 17 12 14 12
19 17 26 20 21 17
20 20 26 23 22 19
18 17 23 18 19 17
20 23 25 24 21 21
17 15 23 22 18 14
18 20 21 19 19 19
22 20 25 21 22 20
