17 16 15 14 15 16
30 29 29 27 29 31
22 20 18 17 17 21
32 30 29 26 27 33
32 32 35 30 33 36
11 11 16 13 17 11
26 27 31 26 29 31
36 36 39 34 38 40
24 24 28 24 27 26
26 25 23 22 23 27
19 19 20 17 18 19
17 17 18 16 18 19
14 13 13 11 12 15
34 33 35 31 33 35
17 16 15 14 14 17
33 33 35 30 32 37
26 27 33 28 32 31
27 26 26 24 26 28
32 32 36 32 36 35
15 16 19 16 19 19
17 16 16 15 15 16
16 16 19 17 20 17
21 22 26 22 26 26
20 20 21 17 18 23
22 22 25 22 26 25
9 10 11 10 12 11
12 12 14 11 12 13
33 32 31 27 28 35
18 16 16 14 15 16
13 14 17 14 17 16
33 33 35 31 34 36
25 25 26 22 23 29
27 27 28 24 26 30
30 29 30 28 31 31
37 35 37 32 35 37
28 27 28 24 26 29
23 21 21 19 21 21
19 19 21 19 21 21
25 27 32 27 31 30
32 31 32 28 29 34
33 32 34 29 32 35
20 19 19 17 19 20
28 26 24 21 21 26
16 14 10 10 9 13
29 26 27 25 27 27
27 25 23 21 20 27
23 23 25 23 26 24
19 18 18 17 18 19
23 24 27 24 27 27
14 13 14 13 14 13
14 15 20 17 21 16
36 36 39 34 38 39
19 17 16 15 16 16
18 17 19 18 20 18
25 25 30 26 31 28
30 29 30 25 27 32
24 26 33 28 33 30
32 30 30 27 28 32
14 13 14 13 15 13
26 24 22 19 19 25
15 15 17 15 17 16
22 20 19 18 19 19
22 24 28 24 27 28
38 37 38 34 36 40
22 21 21 18 19 22
13 15 18 15 18 17
34 35 38 32 36 40
19 20 23 19 21 23
27 26 24 22 22 27
24 22 22 20 21 22
13 13 14 11 12 15
26 26 30 25 28 28
14 14 15 13 14 14
13 13 17 14 17 13
17 17 18 15 16 19
26 24 24 21 21 26
29 30 32 27 29 35
29 29 31 28 31 32
19 18 18 15 15 21
28 29 31 26 29 33
9 9 8 7 8 9
29 28 30 26 28 31
18 18 18 16 18 19
28 27 28 25 27 29
28 26 24 22 23 26
30 31 35 29 32 34
11 10 11 10 11 11
25 26 29 24 26 30
37 36 36 31 33 39
33 33 36 31 35 35
23 22 21 18 18 24
31 31 35 31 35 33
21 21 24 20 23 24
19 19 22 18 20 21
21 20 22 19 21 21
32 32 34 30 33 35
21 19 18 18 18 18
20 21 23 19 21 24
30 31 35 31 35 33
22 22 25 21 23 25
19 20 24 20 23 23
26 26 29 24 26 29
26 25 28 25 29 26
31 32 37 32 36 36
24 23 24 21 23 24
27 26 27 24 26 28
24 23 21 20 20 24
33 32 33 29 31 34
17 17 20 17 19 18
21 21 21 17 17 24
28 27 30 26 28 29
33 34 37 32 35 39
24 24 26 23 25 27
25 24 24 21 22 27
18 19 25 21 25 22
31 32 36 31 35 35
28 27 29 27 30 28
28 29 33 28 31 33
33 32 35 31 34 35
17 17 19 16 18 18
21 21 24 21 24 23
16 15 15 13 14 15
26 26 30 26 30 28
38 38 40 34 37 42
30 29 29 25 26 32
17 19 23 20 23 22
16 15 15 13 13 16
28 28 32 27 30 31
36 35 33 29 30 38
33 33 36 32 37 35
30 29 30 27 30 30
29 27 27 25 27 28
16 15 16 15 17 16
33 34 38 32 36 39
24 24 27 24 27 25
12 12 13 11 12 13
21 19 18 17 19 18
30 31 35 29 33 35
15 14 14 13 13 15
20 20 21 18 20 23
25 24 24 21 23 25
16 15 17 15 16 16
17 16 16 14 15 16
35 34 33 29 30 37
16 15 16 15 16 15
34 35 39 34 39 38
26 25 27 23 25 26
32 31 28 25 25 33
30 31 35 30 33 34
22 22 27 22 26 24
20 20 23 19 22 24
25 25 29 26 30 28
21 20 19 17 18 21
39 38 39 34 37 42
30 30 33 29 33 32
28 28 32 28 32 30
20 19 23 20 24 20
22 21 23 20 22 22
27 26 29 25 28 28
22 20 20 19 21 19
22 21 19 17 16 22
18 18 21 17 19 20
16 15 14 12 12 16
25 26 28 24 26 29
31 30 30 26 27 34
25 22 21 19 19 22
38 37 38 34 37 40
16 16 19 16 18 18
15 15 16 14 16 17
26 27 31 26 29 30
11 12 16 14 17 12
24 24 26 23 26 27
24 21 22 20 22 21
12 10 10 10 11 10
32 32 37 32 36 36
19 18 19 17 19 19
38 38 43 37 41 43
22 22 24 20 21 25
21 20 19 16 17 22
20 21 23 20 23 23
24 24 25 23 25 27
30 28 29 26 27 30
25 25 27 23 24 29
31 30 32 28 30 33
18 17 17 14 14 19
16 16 16 14 16 17
26 27 30 26 29 30
23 23 25 21 23 27
26 24 24 22 24 24
22 23 23 21 23 25
31 31 33 29 31 36
25 24 22 19 19 25
21 21 25 22 25 24
24 26 30 25 28 30
24 23 26 23 25 24
28 28 32 28 31 31
28 28 31 27 29 32
29 29 29 26 29 32
21 19 16 15 15 19
24 24 27 23 26 25
