37 36 35 45 34 38
34 34 31 42 32 34
29 29 28 32 28 30
31 30 28 40 27 31
20 17 18 26 15 19
20 20 18 24 18 20
18 17 17 22 16 18
25 26 25 28 26 28
18 18 18 20 18 19
30 29 28 39 26 30
19 19 19 21 19 20
24 25 24 26 26 27
15 17 16 17 17 18
21 20 20 24 19 21
30 27 28 37 25 29
18 19 18 19 19 20
32 32 30 40 30 33
38 38 37 44 37 40
29 28 27 37 26 30
20 21 19 24 20 21
27 25 25 31 24 26
27 28 25 34 26 29
27 27 25 32 26 28
21 20 20 24 19 21
21 21 20 25 20 22
18 18 18 21 17 19
31 28 28 38 26 30
16 17 16 20 16 18
14 13 14 16 13 14
22 20 20 29 18 21
34 32 32 41 30 34
12 12 12 13 13 13
23 23 24 23 25 26
20 18 18 25 16 18
26 25 25 30 24 27
26 27 24 33 25 27
27 26 26 31 25 28
15 14 13 19 13 15
17 15 15 20 14 15
21 22 21 22 22 23
27 27 26 32 26 28
26 26 26 27 27 29
20 22 21 22 23 24
26 24 24 32 21 25
27 28 27 30 29 31
33 30 30 41 27 31
23 21 22 26 21 24
19 19 20 19 20 20
32 32 29 41 28 31
15 16 14 19 15 16
24 22 21 30 20 22
21 19 18 28 16 20
20 19 18 25 17 19
18 19 18 21 19 21
18 17 16 24 14 17
13 13 12 16 12 14
25 25 25 27 26 27
22 24 23 24 25 26
33 32 31 38 31 35
27 27 25 33 25 27
22 25 23 24 26 27
14 13 14 15 13 14
13 13 13 14 13 14
17 14 14 23 11 15
36 35 34 45 32 37
30 28 28 37 26 29
27 26 24 36 22 25
33 32 32 38 31 34
20 19 20 21 20 21
32 28 28 39 24 28
19 20 18 22 19 20
29 30 29 32 30 32
31 30 30 34 30 32
23 24 22 28 23 25
20 22 20 22 23 24
30 31 30 35 30 34
29 29 28 34 28 31
23 24 22 27 24 25
14 15 14 16 15 16
30 27 27 36 24 28
32 32 29 40 30 32
23 22 23 27 21 25
23 24 21 28 23 25
23 22 22 26 21 23
18 18 19 20 18 20
34 32 31 43 29 32
26 25 23 34 22 25
38 36 35 46 34 38
33 34 31 39 32 34
19 20 18 22 20 21
14 13 13 16 12 14
25 24 22 30 22 24
31 28 28 37 26 29
26 25 23 33 23 25
20 20 20 22 21 22
23 22 22 26 21 23
40 37 37 47 34 39
19 20 18 23 19 20
16 18 16 18 18 19
7 7 7 8 7 7
28 28 28 31 28 30
33 32 30 42 29 33
23 24 23 25 24 25
30 30 29 37 28 32
20 17 18 26 15 19
21 17 17 28 14 17
21 22 21 24 22 22
28 25 26 34 23 27
25 26 24 29 25 26
28 27 26 35 25 28
32 31 30 40 28 32
27 28 27 30 28 30
26 27 24 30 26 27
25 25 25 27 26 26
22 22 22 24 22 24
30 29 28 36 26 30
26 27 26 29 27 29
28 25 26 35 23 28
18 16 17 21 16 18
26 27 25 31 25 27
29 26 27 33 25 28
29 31 29 33 31 33
18 17 19 19 18 20
16 14 14 20 12 14
36 35 34 44 33 37
30 29 26 38 25 28
13 12 13 14 12 14
24 22 23 28 22 25
19 16 16 25 13 17
26 23 23 33 20 23
23 21 22 26 21 23
23 19 20 29 17 21
27 28 27 32 28 31
21 21 20 25 20 21
22 19 19 28 17 20
31 28 29 38 26 30
14 13 13 17 12 13
23 23 23 26 22 24
24 24 23 28 24 26
17 17 17 19 18 19
28 28 25 34 26 28
13 12 12 15 12 13
28 28 26 34 26 28
25 27 25 28 27 28
32 31 30 40 28 32
21 21 21 22 22 23
21 23 22 23 24 25
32 32 30 39 30 32
29 28 26 35 26 28
29 30 28 36 28 31
32 31 29 40 28 32
28 28 27 34 27 30
22 22 20 30 19 22
33 33 32 39 32 36
27 28 25 32 26 28
14 13 14 16 13 15
29 29 27 35 28 29
22 21 22 25 20 23
23 25 23 25 25 25
27 26 27 30 26 29
21 21 20 25 20 22
21 20 19 26 18 20
21 22 21 24 22 23
27 26 24 35 23 27
24 22 22 29 20 23
16 15 16 19 14 17
35 33 32 42 31 35
28 27 26 36 24 28
32 30 30 39 28 32
11 10 9 14 9 10
14 15 14 16 15 16
20 22 20 22 22 22
16 18 16 19 18 18
9 9 9 10 9 10
36 34 34 43 32 36
21 23 21 24 23 24
26 24 23 31 22 24
30 30 28 36 28 30
37 34 34 45 31 35
35 33 30 44 29 32
39 37 35 48 34 38
13 12 12 16 11 13
16 16 17 17 17 17
38 38 35 45 36 38
24 24 22 29 23 25
20 22 20 23 22 24
24 22 22 28 21 24
38 38 36 45 36 40
19 18 19 22 18 19
20 17 16 26 14 17
31 28 28 37 26 29
23 22 23 27 21 25
18 19 18 19 19 20
33 31 29 42 28 31
24 26 25 26 27 28
38 38 35 46 35 38
19 19 19 21 19 21
21 21 19 27 19 21
35 34 32 42 32 35
32 30 30 40 28 32
27 29 27 30 29 31
21 21 22 23 21 23
32 33 31 38 32 35
18 18 18 21 18 20
21 21 20 26 19 22
22 20 19 28 17 20
22 19 19 27 17 20
28 27 26 34 26 28
31 30 29 37 28 31
29 28 27 35 26 29
36 36 33 44 33 37
30 27 27 37 24 27
29 27 27 36 24 29
31 32 31 35 32 35
23 23 23 24 24 25
23 24 24 24 25 26
17 18 17 18 18 19
18 21 18 20 21 21
17 17 18 17 18 19
21 22 20 25 21 23
27 25 26 32 24 28
24 20 20 32 16 20
38 37 36 47 35 39
31 31 30 37 30 33
12 11 11 15 10 12
22 24 23 24 25 26
35 33 32 42 30 34
35 31 32 42 29 33
24 27 25 26 27 28
20 21 19 23 21 21
20 20 21 20 21 22
22 23 23 25 24 26
22 20 20 28 18 21
28 29 27 32 28 29
35 32 32 43 29 34
32 31 31 37 30 33
29 31 30 30 32 33
26 24 24 30 23 25
31 28 28 38 25 30
24 24 23 27 24 26
30 27 26 38 23 27
27 26 25 34 24 27
21 22 22 22 23 24
32 30 30 37 29 32
24 21 20 33 18 21
19 20 19 20 20 21
23 23 24 24 24 25
42 42 40 51 39 44
34 34 33 41 33 37
14 14 13 16 13 14
24 22 20 32 19 22
23 24 23 28 23 26
28 26 27 34 24 28
33 33 32 37 32 35
37 36 32 46 32 35
25 27 26 27 28 30
38 36 35 47 33 37
32 30 29 38 28 31
36 34 34 44 32 35
22 20 20 26 19 21
21 21 21 23 21 22
18 19 18 19 19 19
25 26 26 26 28 29
26 26 24 34 23 26
26 27 26 30 27 29
32 28 28 40 25 29
31 30 28 40 27 31
16 15 16 16 16 17
21 21 20 23 20 22
20 20 20 20 21 21
24 27 24 27 27 28
15 15 15 15 15 15
33 33 30 41 30 32
15 14 14 16 13 14
29 30 28 33 30 31
33 32 32 37 31 34
21 21 19 26 19 20
26 27 24 33 25 27
19 20 18 24 19 20
35 35 32 44 32 36
21 21 19 26 19 21
12 12 11 13 11 11
27 25 26 31 24 27
19 19 18 22 19 21
18 17 17 20 16 17
19 17 17 22 15 17
32 32 30 40 30 34
28 27 25 37 24 28
23 21 21 27 19 22
40 40 39 47 39 42
34 33 32 39 31 34
21 18 18 29 15 19
28 29 29 30 30 31
31 28 28 36 26 29
22 20 20 28 18 21
21 20 20 23 19 21
27 27 25 33 25 27
22 24 22 25 24 26
22 20 20 25 19 21
32 32 30 37 31 33
30 29 28 35 27 30
22 22 20 25 21 22
26 24 24 31 22 26
23 25 23 27 25 26
31 29 27 39 26 30
21 21 19 24 20 21
30 30 27 37 28 30
25 22 22 30 20 23
23 23 21 29 21 24
20 21 20 24 21 22
18 20 19 20 20 21
33 31 31 39 29 32
15 15 14 18 15 15
17 16 17 20 15 18
25 25 23 30 24 25
31 33 32 34 33 35
30 28 26 39 24 27
26 28 27 27 29 30
33 32 29 42 28 32
31 29 27 39 26 29
21 19 19 25 17 19
33 30 30 39 27 31
30 28 27 38 25 28
29 27 26 34 25 28
31 30 29 38 28 32
44 43 41 53 40 45
26 24 24 32 22 25
38 37 35 46 35 38
31 30 29 39 28 32
22 21 19 28 19 21
20 19 20 24 18 21
22 24 22 25 24 25
22 22 20 27 21 23
26 27 27 27 29 29
29 31 29 32 31 32
30 28 29 35 27 30
26 23 24 31 22 25
23 22 22 28 21 24
13 12 14 13 13 15
31 32 31 34 32 34
19 21 19 21 22 22
30 29 28 38 27 31
28 26 25 35 23 27
35 32 32 41 30 34
22 21 22 25 21 24
37 36 35 44 34 39
29 30 28 33 29 31
23 25 22 27 25 25
28 27 28 31 26 29
32 30 30 37 29 31
13 14 12 14 13 13
25 23 22 32 20 24
32 31 30 39 30 34
42 42 40 49 40 44
30 30 27 38 27 30
33 33 30 42 30 33
14 15 14 15 15 16
22 19 19 27 16 19
32 29 30 38 27 31
15 15 16 15 16 18
22 21 21 26 20 23
18 16 17 22 15 18
11 10 11 11 11 12
20 18 19 23 18 20
28 25 26 34 23 27
25 26 25 27 26 27
11 11 12 11 12 13
31 32 30 36 32 33
31 29 28 40 25 29
23 25 23 27 24 26
33 32 31 40 31 35
39 37 36 46 35 39
33 32 31 40 30 33
33 32 30 42 29 33
17 17 16 18 17 17
27 26 26 32 25 29
22 20 19 30 16 20
14 13 13 16 13 13
29 28 27 34 27 30
35 33 33 40 32 35
13 15 14 15 15 16
19 19 20 19 20 21
24 22 23 28 21 24
22 21 23 24 21 24
21 21 21 23 21 23
32 31 30 39 29 32
16 13 13 21 11 14
42 41 40 51 39 44
24 21 21 30 18 21
24 22 22 28 21 23
32 32 30 38 30 32
34 34 32 40 33 36
17 17 16 19 16 17
13 14 13 15 14 14
19 17 17 24 15 18
31 31 31 35 31 33
23 21 21 29 18 22
37 36 34 44 34 37
10 10 10 12 10 11
17 20 17 21 19 20
25 26 25 29 26 28
25 22 23 28 21 24
29 26 26 35 24 27
23 22 22 28 21 24
12 12 12 13 13 13
38 36 35 46 33 37
35 34 32 42 32 35
37 37 35 45 35 40
39 38 35 49 35 38
23 24 23 26 24 25
18 16 17 21 15 18
25 27 25 28 27 28
11 11 11 13 11 12
37 36 35 45 33 37
37 36 35 46 34 39
25 24 22 32 21 24
26 26 25 29 26 27
30 31 30 34 30 32
26 25 23 33 22 25
22 18 18 29 15 18
19 19 18 23 18 19
32 32 30 37 31 33
24 26 25 27 27 28
20 21 19 24 20 21
25 25 24 29 24 26
24 24 24 27 24 26
27 27 24 32 25 26
33 33 32 38 32 34
24 27 26 26 28 30
26 24 24 31 22 25
26 26 25 30 26 28
30 30 28 36 28 30
22 22 21 27 21 23
15 13 13 18 12 13
20 22 21 21 23 25
37 35 33 46 32 35
29 26 26 36 24 27
16 15 16 17 15 17
24 25 23 29 24 26
30 29 28 34 28 30
24 21 21 30 18 22
26 25 24 31 23 26
42 41 40 51 39 43
33 32 30 41 29 33
15 15 16 15 16 17
32 34 32 38 33 36
22 22 23 24 23 24
34 32 31 41 29 34
29 29 27 38 26 30
22 22 22 22 23 24
23 20 20 29 17 20
23 24 23 26 24 25
34 33 30 44 29 33
28 29 27 34 28 30
31 28 27 39 24 28
35 32 32 41 30 34
19 21 19 22 21 22
26 29 27 28 30 30
27 28 26 30 27 28
19 21 20 21 22 23
25 26 25 30 25 27
37 37 35 45 34 38
32 28 28 39 25 29
12 12 11 15 11 12
33 35 34 35 36 37
17 18 17 20 17 19
25 25 24 29 25 26
33 30 29 41 26 30
21 19 19 28 17 20
20 19 19 23 19 21
28 25 25 35 22 26
23 25 23 25 25 25
32 30 29 40 27 31
28 29 28 30 29 31
21 18 18 27 15 18
28 30 29 30 30 32
24 26 24 27 26 27
30 26 25 38 22 26
25 25 24 30 24 27
30 27 26 39 23 27
15 15 14 18 14 15
24 24 22 31 22 24
29 28 27 35 26 29
22 19 18 28 16 18
19 19 18 22 17 18
14 13 13 17 12 13
15 16 15 17 16 16
26 23 23 32 21 24
20 20 20 22 20 22
26 27 25 29 26 28
26 25 25 29 25 27
16 16 16 18 15 16
32 30 29 40 27 31
20 18 18 27 15 19
32 31 29 41 28 32
23 24 22 27 23 25
5 4 5 5 4 5
24 21 20 32 17 21
16 15 15 19 14 16
22 21 22 24 21 23
