20 19 19 21 20 20
26 25 36 28 27 24
22 22 28 25 24 21
16 18 14 21 19 17
21 18 26 20 20 18
21 21 33 26 24 20
23 22 27 26 24 22
32 31 39 34 33 30
25 25 34 29 27 24
32 30 43 33 32 29
13 13 14 14 13 13
20 20 22 23 22 20
19 19 19 21 20 19
16 15 23 17 16 15
20 21 20 25 23 21
21 20 32 23 22 19
28 28 34 32 30 27
13 14 14 16 15 14
25 22 37 25 24 21
16 15 23 17 16 14
20 17 23 18 18 17
26 23 28 25 25 23
17 15 21 16 16 15
22 19 27 21 21 19
19 20 26 24 22 19
17 15 19 16 16 15
18 16 14 15 15 16
18 17 22 19 18 17
18 16 27 18 18 16
28 26 30 28 27 25
19 19 19 21 20 19
22 19 32 20 20 18
23 23 32 26 24 22
17 15 19 16 16 15
26 25 22 27 26 25
22 21 19 22 21 21
18 18 16 18 18 18
20 19 19 21 20 18
34 31 43 34 33 31
23 19 18 17 18 19
15 15 23 17 16 14
31 30 36 35 33 30
23 22 34 25 24 21
13 10 10 9 10 10
28 25 37 27 26 24
16 12 12 11 12 12
23 24 21 27 25 24
31 30 38 33 32 29
28 28 36 34 31 28
14 15 17 17 16 14
21 23 33 29 26 22
25 21 34 23 23 21
13 11 11 11 11 12
34 32 43 37 35 31
20 20 17 21 20 20
19 18 33 22 21 18
17 17 17 19 18 17
27 27 38 31 29 26
26 25 31 27 26 24
21 18 24 18 18 17
23 22 34 26 25 21
27 26 37 31 29 25
21 18 19 19 19 18
33 30 44 34 33 30
17 20 18 24 22 19
17 15 29 18 17 15
17 19 23 23 21 18
14 14 12 16 15 14
16 17 19 20 18 17
28 26 26 28 27 27
27 27 38 32 30 27
35 34 44 39 37 33
28 24 32 25 25 24
22 20 18 20 20 20
14 15 15 17 16 14
18 18 23 22 20 18
27 26 33 30 28 26
21 19 34 21 20 18
36 35 47 41 38 34
18 17 32 20 19 16
20 21 23 24 22 21
20 18 26 19 19 18
29 28 41 33 31 27
23 21 31 22 22 21
22 19 30 22 21 19
17 19 16 22 20 19
21 23 26 27 25 22
21 19 30 21 20 19
22 23 22 26 24 23
23 25 31 30 28 25
21 20 18 23 21 20
28 26 30 29 28 26
26 27 33 31 29 26
19 18 21 18 18 18
9 8 7 8 8 8
22 21 28 24 23 20
19 19 31 24 22 18
12 11 13 12 11 11
18 16 17 16 16 16
28 27 40 31 29 26
